string
41.0 0.0 534558.2738095239 19.804878048780488 0.002045068797491296
25.0 8.228759765625 855210.7976190478 0.0014915919315075209 32.48
26.0 8.93798828125 807348.2738095238 0.001528739624772399 31.23076923076923
27.0 8.80126953125 777051.8214285716 0.0015656477862926903 30.074074074074073
28.0 8.49365234375 756343.2976190477 0.0016017083739475095 29.0
29.0 8.143310546875 651981.2738095239 0.001637538642617033 28.0
30.0 8.570556640625 697253.4166666665 0.0016730004009102406 27.066666666666666
31.0 8.724365234375 680712.9880952381 0.001708204201940314 26.193548387096776
32.0 8.203125 637498.6309523811 0.0017429657905181153 25.375
33.0 8.399658203125 615333.8214285716 0.0017773680814791284 24.606060606060606
34.0 8.6474609375 710527.2738095238 0.0018114939896580488 23.88235294117647
35.0 8.32275390625 624644.2738095239 0.0018454264298895728 23.2
36.0 8.861083984375 712676.2738095238 0.001879248317008081 22.555555555555557
37.0 8.023681640625 580482.630952381 0.001912701693750265 21.945945945945947
38.0 8.955078125 862015.3690476189 0.0019461919215299633 21.36842105263158
39.0 8.604736328125 647742.9642857141 0.001979083319947586 20.82051282051282
40.0 7.8955078125 583508.2500000001 0.0020121405480354585 20.3
41.0 8.0322265625 534558.2738095239 0.002045068797491296 19.804878048780488
